[[ 216.33477801  216.29894198  216.40254169 ...  806.61665982
   808.96834425  811.022162  ]
 [ 217.52041103  217.37474056  217.33693724 ...  807.03746909
   809.46703733  811.3745413 ]
 [ 218.37643551  218.56526869  218.2777061  ...  807.49592897
   809.6363435   811.49993217]
 ...
 [1069.41091437 1069.37482702 1069.33032246 ...  818.03557511
   816.89386873  815.7002097 ]
 [1069.0215488  1068.95242491 1068.85635508 ...  816.75644011
   815.69367004  814.58313352]
 [1068.4641472  1068.5825836  1068.59196783 ...  815.45379369
   814.4719584   813.44658192]]