[[[ 58  62  71]
  [ 58  62  72]
  [ 63  67  79]
  ...
  [ 37  41  49]
  [ 38  40  48]
  [ 42  46  55]]

 [[ 62  67  76]
  [ 59  65  75]
  [ 63  68  81]
  ...
  [ 37  41  52]
  [ 39  42  51]
  [ 39  42  51]]

 [[ 58  65  75]
  [ 61  68  79]
  [ 61  68  82]
  ...
  [ 38  42  52]
  [ 41  43  51]
  [ 40  42  49]]

 ...

 [[  0   0   0]
  [  0   0   0]
  [  0   0   0]
  ...
  [103 120 139]
  [ 93 110 132]
  [ 95 112 136]]

 [[  0   0   0]
  [  0   0   0]
  [  0   0   0]
  ...
  [ 96 111 131]
  [106 123 143]
  [115 133 155]]

 [[  0   0   0]
  [  0   0   0]
  [  0   0   0]
  ...
  [107 122 143]
  [122 139 158]
  [114 131 155]]]