[[ 216.33477801  216.29894198  216.40254169 ...  806.61665982
   808.96834425  811.022162  ]
 [ 217.52041103  217.37474056  217.33693724 ...  807.03746909
   809.46703733  811.3745413 ]
 [ 218.37643551  218.56526869  218.2777061  ...  807.49592897
   809.6363435   811.49993217]
 ...
 [1069.41091437 1069.37482702 1069.33032246 ...  831.65704141
   832.76958075  833.55490823]
 [1069.0215488  1068.95242491 1068.85635508 ...  831.71433663
   832.80794201  833.31459396]
 [1068.4641472  1068.5825836  1068.59196783 ...  832.24841128
   832.97388779  833.0197274 ]]